609	1
604	1
254	1
608	1
617	1
253	1
255	1
261	1
256	1
610	1
259	1
605	1
260	1
611	1
257	1
614	1
258	1
606	1
615	1
2334	1
612	1
607	1
2333	1
2339	1
613	1
616	1
2336	1
2335	1
2341	1
2338	1
2346	1
305	1
2345	1
2337	1
2342	1
2344	1
2340	1
306	1
870	1
2332	1
640	1
2343	1
869	1
303	1
304	1
863	1
2689	1
655	1
860	1
656	1
866	1
2331	1
644	1
861	1
864	1
859	1
642	1
657	1
868	1
2691	1
862	1
865	1
654	1
645	1
2690	1
652	1
871	1
867	1
651	1
647	1
653	1
649	1
646	1
650	1
204	1
643	1
195	1
208	1
648	1
2692	1
207	1
186	1
191	1
556	1
190	1
200	1
641	1
251	1
193	1
568	1
198	1
202	1
552	1
559	1
194	1
539	1
201	1
196	1
189	1
557	1
553	1
558	1
197	1
185	1
550	1
541	1
206	1
187	1
551	1
566	1
549	1
548	1
587	1
203	1
1963	1
547	1
555	1
184	1
570	1
188	1
544	1
582	1
554	1
583	1
192	1
249	1
545	1
252	1
250	1
546	1
542	1
205	1
569	1
2	1
1973	1
584	1
3	1
1910	1
567	1
1958	1
586	1
543	1
1965	1
1975	1
528	1
1898	1
199	1
1931	1
1897	1
1942	1
540	1
1911	1
1960	1
1925	1
7	1
1964	1
1971	1
1959	1
1941	1
1938	1
1912	1
1957	1
1896	1
585	1
4	1
1928	1
1927	1
1953	1
1954	1
1926	1
1945	1
1966	1
1934	1
1967	1
1976	1
1972	1
1	1
1930	1
1974	1
1076	1
6	1
1968	1
1944	1
1086	1
1956	1
1946	1
527	1
1909	1
1906	1
1961	1
1970	1
5	1
1950	1
1955	1
1935	1
1939	1
1952	1
1905	1
1913	1
1933	1
1948	1
1937	1
1907	1
1083	1
2101	1
1969	1
1908	1
1929	1
1940	1
2108	1
2109	1
1084	1
1962	1
1951	1
2110	1
1936	1
1947	1
1915	1
1085	1
1077	1
1949	1
1914	1
1916	1
2099	1
2107	1
2103	1
1082	1
2111	1
1359	1
2113	1
2100	1
1943	1
2102	1
2098	1
1079	1
1080	1
1360	1
2104	1
1932	1
1526	1
1350	1
1353	1
1087	1
1524	1
2097	1
1078	1
2112	1
1508	1
1081	1
2106	1
1306	1
1349	1
1307	1
1358	1
1525	1
1510	1
1352	1
1305	1
1310	1
1522	1
1351	1
2352	2
2362	2
2355	2
2354	2
2359	2
2364	2
2358	2
2350	2
329	2
2347	2
2349	2
331	2
2357	2
403	2
2360	2
2361	2
2351	2
402	2
323	2
1072	2
390	2
1034	2
399	2
2353	2
401	2
1046	2
330	2
321	2
391	2
1029	2
1073	2
1074	2
324	2
318	2
1045	2
338	2
339	2
1075	2
1031	2
1060	2
1016	2
1017	2
325	2
1200	2
983	2
1033	2
1177	2
320	2
1041	2
1070	2
1196	2
1015	2
1026	2
1189	2
1047	2
1039	2
1170	2
1492	2
1025	2
1188	2
1186	2
1044	2
1027	2
1022	2
1190	2
1194	2
1054	2
1053	2
1024	2
1021	2
328	2
1187	2
317	2
1495	2
1175	2
1035	2
1014	2
1174	2
400	2
1062	2
1008	2
1065	2
1049	2
1061	2
1192	2
1069	2
394	2
1059	2
985	2
1197	2
392	2
1023	2
1009	2
1199	2
1055	2
1051	2
1036	2
1058	2
1011	2
1171	2
1037	2
1493	2
1042	2
1018	2
1499	2
1056	2
1185	2
1043	2
1048	2
1176	2
326	2
1071	2
340	2
1064	2
1028	2
1490	2
1066	2
1067	2
1038	2
1497	2
1057	2
322	2
1068	2
1653	2
393	2
1454	2
1501	2
1667	2
319	2
1446	2
1496	2
327	2
1453	2
2094	2
1491	2
1451	2
733	2
1500	2
1631	2
735	2
1452	2
1444	2
2092	2
1494	2
747	2
1455	2
1447	2
1498	2
1633	2
753	2
1449	2
1711	2
746	2
748	2
1442	2
2093	2
1450	2
1668	2
2096	2
754	2
755	2
1713	2
762	2
1448	2
752	2
1443	2
1445	2
1709	2
1669	2
760	2
751	2
1726	2
2095	2
1707	2
750	2
99	2
2090	2
100	2
97	2
756	2
19	2
12	2
761	2
2091	2
749	2
127	2
771	2
126	2
125	2
765	2
118	2
18	2
1708	2
129	2
1706	2
737	2
766	2
1689	2
123	2
1583	2
17	2
122	2
1742	2
759	2
128	2
104	2
1733	2
1690	2
117	2
734	2
110	2
1736	2
764	2
736	2
109	2
1728	2
1588	2
1712	2
107	2
111	2
1727	2
1693	2
1695	2
1734	2
101	2
1732	2
1694	2
106	2
1579	2
1731	2
1582	2
1697	2
763	2
116	2
1698	2
13	2
1591	2
20	2
758	2
1691	2
108	2
2159	3
2252	3
2294	3
2184	3
2116	3
2155	3
2152	3
2183	3
2247	3
2213	3
2156	3
2241	3
2210	3
2170	3
2219	3
2186	3
2188	3
2240	3
2173	3
2281	3
2266	3
2161	3
2187	3
2171	3
2253	3
2282	3
2220	3
2228	3
2162	3
2226	3
1812	3
2275	3
2236	3
2276	3
1830	3
2211	3
2194	3
2277	3
2233	3
2163	3
2290	3
1811	3
2227	3
1828	3
2289	3
2221	3
2153	3
1855	3
2164	3
2136	3
1848	3
2264	3
2154	3
1827	3
2293	3
1817	3
2306	3
2291	3
1826	3
1850	3
2265	3
2135	3
2167	3
2258	3
1839	3
1823	3
2165	3
2292	3
2302	3
1810	3
1829	3
2307	3
1805	3
1872	3
1821	3
2309	3
1871	3
2262	3
1869	3
2232	3
1846	3
2263	3
1819	3
2308	3
103	3
1807	3
1745	3
8	3
1809	3
2249	3
1757	3
2231	3
2181	3
105	3
1765	3
1705	3
102	3
9	3
1748	3
1804	3
10	3
2248	3
1750	3
11	3
1768	3
1789	3
2257	3
115	3
1751	3
124	3
2182	3
1773	3
1769	3
1764	3
1746	3
2166	3
683	3
1788	3
1704	3
1702	3
670	3
1792	3
1763	3
1795	3
21	3
1739	3
1710	3
1766	3
1755	3
1749	3
1806	3
669	3
1800	3
688	3
1790	3
681	3
1744	3
1808	3
1737	3
1743	3
685	3
1752	3
1738	3
1794	4
1793	4
1770	4
1803	4
1740	4
1753	4
1772	4
666	4
682	4
665	4
1791	4
1741	4
446	4
1767	4
1771	4
668	4
1754	4
667	4
695	4
664	4
459	4
1747	4
1515	4
694	4
1762	4
716	4
1774	4
693	4
1703	4
1507	4
715	4
1516	4
692	4
1529	4
696	4
687	4
690	4
461	4
410	4
453	4
1802	4
663	4
697	4
1511	4
1756	4
1521	4
1528	4
662	4
411	4
475	4
691	4
1730	4
1801	4
423	4
1502	4
412	4
1505	4
686	4
442	4
454	4
1514	4
413	4
1735	4
1520	4
1523	4
440	4
441	4
443	4
1512	4
689	4
435	4
1517	4
1527	4
424	4
417	4
1513	4
1519	4
425	4
421	4
1692	4
445	4
1504	4
684	4
419	4
460	4
439	4
452	4
474	4
436	4
418	4
438	4
1518	4
1509	4
420	4
463	4
416	4
1696	4
422	4
458	4
444	4
437	4
1701	4
462	4
414	4
415	4
434	4
1700	4
1506	4
1405	4
1419	4
1687	4
1427	4
1276	4
1686	4
1426	4
1503	4
1699	4
1398	4
1288	4
1421	4
1285	4
1688	4
1411	4
1270	4
1418	4
1272	4
1402	4
1423	4
2105	4
1275	4
1278	4
1425	4
1414	4
1267	4
1274	4
1400	4
1428	4
1420	4
1273	4
1415	4
1258	4
1424	4
1266	4
1271	4
1416	4
1410	4
1417	4
1422	4
1403	4
1269	4
1257	4
1277	4
1409	4
1287	4
1413	4
1255	4
1256	4
1268	4
1401	4
1408	4
1348	4
1412	4
772	4
1265	4
1356	4
1407	4
1286	4
1362	4
1404	4
1254	4
1355	4
1406	4
1357	4
1361	4
757	4
1354	4
34	4
31	4
42	4
1399	4
1347	4
64	4
30	4
1578	4
37	4
1363	4
80	4
32	4
49	4
35	4
51	4
83	4
36	4
40	4
63	4
39	4
1595	4
61	4
45	4
79	4
1577	4
41	4
1580	4
44	4
81	4
60	4
33	4
65	4
78	4
53	4
1581	4
82	4
59	4
1600	4
38	4
46	4
77	4
50	4
1599	4
43	4
1585	4
48	4
62	4
1309	4
76	4
1594	4
52	4
1587	4
47	4
1584	4
1596	4
1312	4
1589	4
1308	4
1586	4
1601	4
1590	4
1314	4
1598	4
1311	4
1593	4
1592	4
1602	4
1304	4
1597	4
1313	4
2379	5
2367	5
2410	5
2370	5
2237	5
2371	5
2369	5
2238	5
2137	5
2239	5
2368	5
2246	5
2377	5
2138	5
2217	5
2235	5
2301	5
2373	5
2124	5
2216	5
2274	5
2200	5
2381	5
2177	5
2272	5
2189	5
2132	5
2299	5
2148	5
2134	5
2378	5
2120	5
2411	5
2303	5
2224	5
2178	5
2402	5
2273	5
2243	5
2374	5
2199	5
2119	5
2147	5
2270	5
2300	5
2271	5
2372	5
2255	5
2398	5
2412	5
2196	5
2175	5
2415	5
2197	5
2383	5
2176	5
2204	5
2406	5
2139	5
2244	5
2195	5
2133	5
2234	5
2254	5
2150	5
2382	5
2198	5
2384	5
2158	5
2403	5
2278	5
2242	5
2245	5
2256	5
2287	5
2123	5
2396	5
2131	5
2230	5
2394	5
2203	5
2157	5
2298	5
2288	5
2145	5
2376	5
2223	5
2386	5
2172	5
2280	5
2404	5
2413	5
2395	5
2146	5
2375	5
2267	5
2160	5
2144	5
2284	5
2212	5
2229	5
2143	5
2380	5
2283	5
2279	5
2192	5
2202	5
2142	5
2222	5
2149	5
2405	5
2114	5
2209	5
2385	5
2201	5
2269	5
2397	5
2215	5
2414	5
2388	5
2115	5
2218	5
2168	5
2393	5
2174	5
2130	5
2121	5
2193	5
2268	5
2408	5
2169	5
2214	5
2190	5
2305	5
2185	5
2251	5
2128	5
2129	5
2296	5
2118	5
2297	5
2140	5
2122	5
2295	5
2391	5
2206	5
2208	5
2250	5
2117	5
2191	5
2400	5
2126	5
2304	5
2127	5
2387	5
2401	5
2392	5
2205	5
2151	5
2207	5
2260	5
2141	5
2225	5
2259	5
2390	5
2407	5
2261	5
2399	5
2180	5
1837	5
2179	5
2389	5
1836	5
1825	5
1857	5
1864	5
1824	5
2409	5
580	5
1465	5
581	6
571	6
577	6
572	6
574	6
1461	6
1856	6
1432	6
1441	6
576	6
1815	6
578	6
1818	6
1854	6
1814	6
1868	6
573	6
1813	6
1457	6
1822	6
1847	6
1816	6
1870	6
1853	6
575	6
1458	6
1852	6
1851	6
1840	6
1433	6
1440	6
1849	6
1867	6
579	6
1430	6
1459	6
1438	6
1820	6
1605	6
1429	6
1464	6
1434	6
1865	6
1437	6
1460	6
531	6
1431	6
534	6
1456	6
1616	6
1866	6
1462	6
1617	6
1609	6
14	6
1603	6
121	6
1435	6
1612	6
1610	6
1436	6
1607	6
1439	6
1463	6
1606	6
98	6
526	6
525	6
1618	6
16	6
536	6
119	6
120	6
523	6
1613	6
114	6
15	6
535	6
1611	6
1614	6
113	6
530	6
1673	6
537	6
524	6
538	6
1666	6
112	6
533	6
1661	6
1209	6
529	6
532	6
1632	6
1677	6
1565	6
1635	6
1213	6
1563	6
1566	6
1214	6
1637	6
1659	6
1656	6
1559	6
1636	6
1557	6
1672	6
1662	6
1216	6
1676	6
1665	6
1212	6
1650	6
1232	6
1663	6
1652	6
1555	6
1664	6
1225	6
1643	6
1655	6
1222	6
1644	6
1206	6
1201	6
1654	6
1639	6
1211	6
1235	6
1203	6
1638	6
1208	6
1221	6
1240	6
1227	6
1660	6
1657	6
1207	6
1228	6
1675	6
1556	6
1641	6
1558	6
1671	6
1233	6
1215	6
1217	6
1670	6
1634	6
1218	6
1236	6
1642	6
1226	6
1202	6
1366	6
1234	6
1220	6
1229	6
1219	6
1205	6
957	6
1210	6
1651	6
1231	6
946	6
1640	6
955	6
956	6
1223	6
1376	6
1191	6
913	6
945	6
924	6
1224	6
1630	6
934	6
912	6
923	6
893	6
857	6
1195	6
914	6
1204	6
911	6
813	6
902	6
848	6
1238	6
851	6
900	6
858	6
1172	6
1013	6
830	6
1375	6
901	6
819	6
976	6
852	6
821	6
1181	6
944	6
1369	6
1040	6
943	6
1230	6
1239	6
849	6
820	6
931	6
963	6
1019	6
1193	6
1052	6
892	6
1184	6
932	6
975	6
889	6
925	6
1173	6
1370	6
828	6
1378	6
962	6
950	7
952	7
953	7
1178	7
850	7
909	7
1063	7
922	7
967	7
1179	7
1020	7
881	7
1237	7
969	7
940	7
980	7
921	7
933	7
935	7
1198	7
948	7
941	7
1180	7
1032	7
961	7
951	7
1030	7
954	7
876	7
908	7
978	7
884	7
968	7
855	7
1374	7
979	7
899	7
844	7
939	7
965	7
981	7
1012	7
974	7
888	7
1050	7
891	7
942	7
973	7
896	7
1182	7
890	7
845	7
1379	7
977	7
919	7
959	7
824	7
877	7
847	7
886	7
926	7
982	7
880	7
949	7
878	7
818	7
898	7
958	7
879	7
920	7
829	7
970	7
816	7
906	7
984	7
846	7
823	7
929	7
856	7
894	7
1328	7
936	7
966	7
835	7
825	7
827	7
915	7
895	7
904	7
838	7
964	7
841	7
928	7
937	7
826	7
960	7
910	7
903	7
918	7
972	7
916	7
1183	7
843	7
938	7
897	7
905	7
930	7
882	7
817	7
947	7
812	7
873	7
814	7
927	7
883	7
872	7
887	7
836	7
853	7
1377	7
1332	7
885	7
854	7
815	7
971	7
875	7
1324	7
874	7
837	7
2366	7
1333	7
822	7
839	7
907	7
2348	7
1331	7
831	7
1338	7
842	7
917	7
1330	7
832	7
1323	7
1336	7
2323	7
1329	7
1334	7
1344	7
2365	7
1322	7
840	7
1318	7
1335	7
1139	7
833	7
1320	7
1321	7
1326	7
1113	7
1339	7
1316	7
1343	7
1345	7
2329	7
1315	7
1325	7
1317	7
1346	7
2327	7
1327	7
1319	7
834	7
2324	7
2363	7
1337	7
2325	7
1144	7
1342	7
1340	7
1138	7
2314	7
2322	7
1341	7
1140	7
2315	7
2330	7
2356	7
1117	7
2313	7
2317	7
1133	7
1137	7
57	7
2328	7
2326	7
1134	7
2320	7
1147	7
71	7
2319	7
1148	7
2316	7
55	7
66	7
2318	7
1123	7
2321	7
70	7
69	7
58	7
54	7
1921	7
1923	7
56	7
68	7
1924	7
67	7
1902	7
739	8
776	8
775	8
767	8
740	8
770	8
768	8
745	8
1530	8
774	8
658	8
803	8
2054	8
769	8
1531	8
791	8
743	8
810	8
773	8
1552	8
789	8
811	8
805	8
659	8
660	8
809	8
661	8
1546	8
804	8
787	8
802	8
742	8
778	8
744	8
1874	8
2038	8
788	8
790	8
781	8
780	8
785	8
783	8
1547	8
782	8
784	8
1545	8
777	8
2057	8
779	8
1895	8
2055	8
1548	8
738	8
741	8
1544	8
1537	8
1873	8
1551	8
1883	8
2025	8
2052	8
1543	8
1538	8
1550	8
1532	8
1889	8
1535	8
1894	8
2035	8
1534	8
2053	8
2037	8
2034	8
1536	8
1878	8
2056	8
1541	8
2033	8
1877	8
2047	8
1879	8
1542	8
470	8
1891	8
1888	8
2036	8
1893	8
1549	8
1540	8
2032	8
484	8
1890	8
472	8
2031	8
1533	8
2048	8
1884	8
1539	8
2058	8
496	8
500	8
183	8
473	8
489	8
481	8
1881	8
172	8
480	8
450	8
428	8
451	8
478	8
456	8
479	8
483	8
502	8
1001	8
449	8
182	8
429	8
1685	8
455	8
173	8
448	8
504	8
482	8
497	8
471	8
427	8
1283	8
1284	8
465	8
447	8
466	8
433	8
170	8
171	8
181	8
469	8
1002	8
993	8
432	8
505	8
426	8
1246	8
488	8
498	8
1003	8
468	8
175	8
467	8
168	8
989	8
180	8
179	8
506	8
1263	8
487	8
998	8
431	8
167	8
986	8
430	8
169	8
177	8
457	8
994	8
996	8
178	8
999	8
501	8
992	8
674	8
464	8
721	8
677	8
1000	8
1992	8
1005	8
176	8
710	8
995	8
988	8
990	8
1986	8
1996	8
2013	8
673	8
699	8
1983	8
174	8
671	8
675	8
2658	8
1977	9
2066	9
2061	9
1997	9
2064	9
1978	9
2060	9
1979	9
2065	9
1993	9
1604	9
1981	9
2068	9
1982	9
2062	9
2014	9
2067	9
1980	9
2007	9
1991	9
1989	9
1608	9
2002	9
2017	9
2059	9
1987	9
2005	9
2063	9
2006	9
2004	9
85	9
2009	9
2008	9
1985	9
2003	9
1990	9
2015	9
1984	9
2012	9
2010	9
92	9
86	9
1995	9
2011	9
1999	9
2001	9
1615	9
96	9
95	9
84	9
93	9
1568	9
1994	9
1998	9
90	9
94	9
2016	9
87	9
2000	9
1560	9
1562	9
89	9
1988	9
91	9
1554	9
1573	9
1569	9
1564	9
2661	9
88	9
1570	9
2657	9
2684	9
1576	9
2659	9
1571	9
2666	9
2688	9
2645	9
2685	9
1574	9
2660	9
2643	9
1575	9
2672	9
2664	9
2644	9
2680	9
2687	9
2674	9
2673	9
1572	9
2669	9
2651	9
2686	9
2675	9
2641	9
2650	9
2683	9
1561	9
1553	9
2642	9
2682	9
2649	9
2677	9
2653	9
2681	9
2652	9
2678	9
2667	9
2646	9
2654	9
2670	9
2647	9
2668	9
2656	9
2648	9
2655	9
2676	9
1567	9
366	9
2662	9
2665	9
2663	9
1841	9
368	9
362	9
2671	9
2679	9
987	9
1007	9
1844	9
1842	9
357	9
359	9
1843	9
1010	9
365	9
1006	9
364	9
1845	9
1371	9
367	9
360	9
997	10
361	10
369	10
991	10
358	10
1380	10
363	10
151	10
154	10
2584	10
164	10
1364	10
2579	10
134	10
2577	10
165	10
2454	10
2502	10
163	10
1004	10
2581	10
2576	10
148	10
2453	10
2585	10
1372	10
162	10
149	10
2452	10
1365	10
2556	10
2450	10
143	10
2578	10
1368	10
2580	10
2487	10
2451	10
2491	10
150	10
2496	10
153	10
160	10
1373	10
2486	10
2522	10
161	10
2557	10
2558	10
2517	10
2490	10
2519	10
2492	10
2489	10
707	10
2494	10
1367	10
139	10
2555	10
2493	10
142	10
2480	10
2521	10
2477	10
2472	10
2488	10
2471	10
2469	10
2464	10
2481	10
1381	10
2520	10
2495	10
1153	10
2516	10
2542	10
2546	10
2470	10
2547	10
2483	10
166	10
2540	10
2473	10
1130	10
130	10
2455	10
2518	10
2501	10
1116	10
2478	10
138	10
1122	10
158	10
2552	10
2459	10
2484	10
2463	10
2545	10
2485	10
1149	10
1141	10
2476	10
2523	10
146	10
1151	10
159	10
2601	10
2479	10
2527	10
2458	10
2460	10
2429	10
310	10
2528	10
2551	10
2468	10
2553	10
2457	10
2526	10
2554	10
2465	10
2602	10
133	10
144	10
2606	10
2569	10
2422	10
2428	10
2421	10
705	10
2541	10
2420	10
140	10
678	10
131	10
135	10
152	10
137	10
157	10
680	10
672	10
679	10
702	10
712	10
713	10
698	10
711	10
720	10
709	10
676	10
1901	11
1919	11
1918	11
1900	11
1920	11
1899	11
1917	11
1922	11
1904	11
1168	11
1903	11
1167	11
1132	11
349	11
1156	11
1160	11
1159	11
397	11
1125	11
1115	11
342	11
333	11
1157	11
1119	11
1158	11
1162	11
1169	11
1126	11
341	11
1154	11
1165	11
336	11
334	11
1161	11
1155	11
314	11
313	11
1391	11
1131	11
307	11
1385	11
1387	11
1164	11
388	11
309	11
386	11
384	11
347	11
1121	11
389	11
350	11
348	11
385	11
1382	11
343	11
1383	11
332	11
312	11
315	11
344	11
335	11
1118	11
353	11
1396	11
387	11
375	11
1109	11
383	11
378	11
1129	11
1166	11
395	11
398	11
1394	11
352	11
1393	11
308	11
345	11
381	11
1163	11
1127	11
382	11
1392	11
2560	11
1145	11
1124	11
1150	11
1384	11
1112	11
1146	11
379	11
380	11
1390	11
355	11
311	11
337	11
1114	11
1386	11
351	11
1395	11
1136	11
1152	11
374	11
1389	11
1397	11
1108	11
1110	11
1128	11
373	11
1143	11
1111	11
371	11
396	11
372	11
346	11
1142	11
1120	11
1135	11
377	11
376	11
1290	11
797	11
370	11
1388	11
2507	11
356	11
354	11
2417	11
2559	11
2598	11
798	11
1289	11
2418	11
2506	11
2504	11
1279	11
2599	11
801	11
1291	11
2456	11
2513	11
2595	11
2508	11
800	11
1300	11
2419	11
2416	11
2596	11
2515	11
806	11
2505	11
2426	11
2437	11
2500	11
2600	11
2503	11
2436	11
2597	11
2512	11
2423	11
2425	11
795	11
2511	11
2561	11
2445	11
2438	11
1295	11
2499	11
2562	11
2424	11
2444	11
2443	11
2529	11
2574	11
2449	11
1292	11
2544	11
2565	11
2482	11
807	11
2572	11
2550	11
2427	11
2586	11
1294	11
2525	11
2603	11
799	12
793	12
1280	12
1301	12
808	12
794	12
786	12
792	12
796	12
1299	12
1303	12
2509	12
1302	12
1281	12
2514	12
2510	12
2563	12
2570	12
2573	12
218	12
1297	12
2549	12
2497	12
2548	12
2571	12
2498	12
1619	12
2567	12
217	12
2575	12
2433	12
209	12
2435	12
216	12
1296	12
2543	12
2432	12
1293	12
2594	12
2524	12
511	12
2442	12
2568	12
2530	12
2604	12
2566	12
2434	12
2583	12
2587	12
2466	12
486	12
2441	12
2446	12
2467	12
2536	12
2535	12
2539	12
2462	12
2447	12
2537	12
2474	12
2440	12
2475	12
2461	12
2605	12
2439	12
2448	12
2582	12
2591	12
1298	12
2592	12
407	12
2590	12
2430	12
2533	12
2431	12
219	12
2564	12
2532	12
223	12
2538	12
241	12
518	12
2531	12
408	12
2593	12
214	12
2534	12
1620	12
499	12
2589	12
239	12
509	12
514	12
2588	12
225	12
237	12
221	12
240	12
238	12
226	12
224	12
246	12
222	12
211	12
507	12
213	12
245	12
485	12
503	12
155	12
404	12
156	12
520	12
132	12
409	12
519	12
522	12
517	12
513	12
244	12
508	12
516	12
1624	12
510	12
512	12
405	12
215	12
406	12
1625	12
521	12
1784	12
515	12
136	12
1761	12
1777	12
1470	12
1477	12
1785	12
212	12
1760	12
1758	12
1621	12
1469	12
1783	12
1468	12
1481	12
1780	12
1482	12
1476	12
147	12
1485	12
1472	12
1479	12
1474	12
1645	12
210	12
1466	12
1471	12
1487	12
1467	12
1486	12
141	12
1483	12
1488	12
1778	12
1787	12
1480	12
243	12
1475	12
1647	12
1797	12
220	12
145	12
1626	12
1484	12
1798	12
1473	12
1646	12
1776	12
1779	12
1781	12
1649	12
242	12
703	12
1786	12
1489	12
1622	12
247	12
1759	12
1478	12
1648	12
1678	12
1796	12
1775	12
248	12
1674	12
700	12
1628	12
1629	12
701	12
1799	12
1782	12
1623	12
1627	12
706	12
631	12
229	12
1098	12
74	12
227	12
598	12
1725	12
1720	12
708	12
1729	12
600	12
1101	12
593	12
714	12
1718	12
1719	12
73	12
230	12
704	12
630	12
719	12
28	12
1102	12
231	12
632	12
1715	12
1717	12
228	12
602	12
233	12
1099	12
1105	12
29	13
1721	13
1714	13
601	13
1104	13
594	13
1723	13
596	13
629	13
235	13
23	13
232	13
620	13
636	13
618	13
1724	13
603	13
619	13
234	13
588	13
75	13
1106	13
637	13
634	13
638	13
1245	13
626	13
590	13
599	13
623	13
1248	13
236	13
627	13
1100	13
595	13
1716	13
589	13
621	13
1860	13
622	13
22	13
639	13
625	13
1861	13
26	13
633	13
1103	13
1261	13
1107	13
592	13
1247	13
635	13
1250	13
1262	13
1722	13
1253	13
2078	13
27	13
1252	13
1282	13
1260	13
1095	13
24	13
591	13
1244	13
1249	13
1862	13
1243	13
628	13
1251	13
597	13
1259	13
624	13
72	13
1241	13
1097	13
2074	13
1242	13
2081	13
561	13
2079	13
1859	13
1264	13
1096	13
269	13
25	13
279	13
2083	13
565	13
2072	13
1858	13
280	13
2080	13
1863	13
2089	13
564	13
1831	13
563	13
2084	13
1679	13
1838	13
292	13
2075	13
2069	13
2077	13
2040	13
1680	13
282	13
560	13
1835	13
2049	13
2088	13
2041	13
2043	13
1833	13
284	13
1684	13
2073	13
726	13
562	13
281	13
2087	13
2039	13
1683	13
2082	13
2086	13
262	13
289	13
1834	13
2085	13
283	13
291	13
270	13
2042	13
732	13
299	13
725	13
300	13
286	13
294	13
296	13
1681	13
285	13
288	13
1832	13
293	13
2050	13
729	13
2076	13
730	13
731	13
728	13
723	13
2071	13
271	13
727	13
492	13
1886	13
278	13
2312	13
722	13
2070	13
717	13
287	13
724	13
290	13
1876	13
1088	13
264	13
2125	13
1682	13
301	13
2311	13
493	13
1880	13
277	13
295	13
1882	13
266	13
1092	13
718	13
494	13
1885	13
273	13
476	13
495	13
298	13
477	13
275	13
2285	13
2286	13
1892	13
263	13
272	13
2310	13
265	13
2637	13
491	13
1091	13
302	13
1887	13
2616	13
490	13
274	13
297	13
1875	13
2609	13
2615	13
276	13
2620	13
1093	13
2608	13
2624	13
268	13
2021	13
2625	13
267	13
2619	13
2638	13
2631	13
2621	13
2612	13
2611	13
2632	13
2636	13
2633	13
2019	13
1090	13
2635	13
2634	13
2622	13
2618	13
2026	13
2630	13
2024	13
2018	13
2027	13
2623	13
2617	13
2640	13
2022	13
2614	13
1094	13
2613	13
2028	13
2020	13
2627	13
2628	13
2629	13
2607	13
2639	13
2051	13
2626	13
2610	13
2029	13
2023	13
1089	13
2030	13
2044	13
2045	13
2046	13
